1 -1 #SUP: 3 #SID: 0 1 2 
2 -1 #SUP: 3 #SID: 0 1 3 
3 -1 #SUP: 2 #SID: 1 4 
4 -1 #SUP: 5 #SID: 0 1 2 3 4 
5 -1 #SUP: 4 #SID: 1 2 3 4 
6 -1 #SUP: 4 #SID: 1 2 3 4 
1 -1 1 -1 #SUP: 2 #SID: 1 2 
2 -1 1 -1 #SUP: 2 #SID: 0 1 
1 -1 4 -1 #SUP: 2 #SID: 1 2 
4 -1 1 -1 #SUP: 3 #SID: 0 1 2 
1 4 -1 #SUP: 2 #SID: 0 2 
1 -1 5 -1 #SUP: 2 #SID: 1 2 
5 -1 1 -1 #SUP: 2 #SID: 1 2 
1 5 -1 #SUP: 2 #SID: 1 2 
6 -1 1 -1 #SUP: 2 #SID: 1 2 
2 -1 4 -1 #SUP: 2 #SID: 0 3 
4 -1 2 -1 #SUP: 2 #SID: 0 1 
2 4 -1 #SUP: 2 #SID: 0 3 
2 -1 5 -1 #SUP: 2 #SID: 1 3 
3 4 -1 #SUP: 2 #SID: 1 4 
3 5 -1 #SUP: 2 #SID: 1 4 
6 -1 3 -1 #SUP: 2 #SID: 1 4 
4 -1 4 -1 #SUP: 3 #SID: 0 3 4 
4 -1 5 -1 #SUP: 4 #SID: 1 2 3 4 
5 -1 4 -1 #SUP: 2 #SID: 1 2 
4 5 -1 #SUP: 4 #SID: 1 2 3 4 
6 -1 4 -1 #SUP: 4 #SID: 1 2 3 4 
4 6 -1 #SUP: 3 #SID: 1 3 4 
5 -1 5 -1 #SUP: 2 #SID: 1 2 
6 -1 5 -1 #SUP: 4 #SID: 1 2 3 4 
5 6 -1 #SUP: 2 #SID: 1 2 
1 -1 1 5 -1 #SUP: 2 #SID: 1 2 
1 -1 4 -1 1 -1 #SUP: 2 #SID: 1 2 
1 -1 4 -1 5 -1 #SUP: 2 #SID: 1 2 
1 -1 4 5 -1 #SUP: 2 #SID: 1 2 
4 -1 1 5 -1 #SUP: 2 #SID: 1 2 
1 -1 5 -1 1 -1 #SUP: 2 #SID: 1 2 
1 -1 5 -1 5 -1 #SUP: 2 #SID: 1 2 
5 -1 1 5 -1 #SUP: 2 #SID: 1 2 
6 -1 1 5 -1 #SUP: 2 #SID: 1 2 
2 4 -1 4 -1 #SUP: 2 #SID: 0 3 
3 4 5 -1 #SUP: 2 #SID: 1 4 
6 -1 3 4 -1 #SUP: 2 #SID: 1 4 
6 -1 3 5 -1 #SUP: 2 #SID: 1 4 
4 -1 4 5 -1 #SUP: 2 #SID: 3 4 
5 -1 4 -1 1 -1 #SUP: 2 #SID: 1 2 
5 -1 4 -1 5 -1 #SUP: 2 #SID: 1 2 
5 -1 4 5 -1 #SUP: 2 #SID: 1 2 
4 5 -1 1 -1 #SUP: 2 #SID: 1 2 
4 5 -1 5 -1 #SUP: 2 #SID: 1 2 
6 -1 4 -1 1 -1 #SUP: 2 #SID: 1 2 
6 -1 4 -1 5 -1 #SUP: 2 #SID: 1 2 
6 -1 4 5 -1 #SUP: 4 #SID: 1 2 3 4 
4 6 -1 4 -1 #SUP: 2 #SID: 3 4 
4 6 -1 5 -1 #SUP: 3 #SID: 1 3 4 
5 -1 5 -1 1 -1 #SUP: 2 #SID: 1 2 
5 -1 5 -1 5 -1 #SUP: 2 #SID: 1 2 
6 -1 5 -1 1 -1 #SUP: 2 #SID: 1 2 
6 -1 5 -1 5 -1 #SUP: 2 #SID: 1 2 
5 6 -1 1 -1 #SUP: 2 #SID: 1 2 
5 6 -1 4 -1 #SUP: 2 #SID: 1 2 
5 6 -1 5 -1 #SUP: 2 #SID: 1 2 
1 -1 4 -1 1 5 -1 #SUP: 2 #SID: 1 2 
1 -1 4 5 -1 1 -1 #SUP: 2 #SID: 1 2 
1 -1 4 5 -1 5 -1 #SUP: 2 #SID: 1 2 
1 -1 5 -1 1 5 -1 #SUP: 2 #SID: 1 2 
6 -1 3 4 5 -1 #SUP: 2 #SID: 1 4 
5 -1 4 -1 1 5 -1 #SUP: 2 #SID: 1 2 
5 -1 4 5 -1 1 -1 #SUP: 2 #SID: 1 2 
5 -1 4 5 -1 5 -1 #SUP: 2 #SID: 1 2 
4 5 -1 1 5 -1 #SUP: 2 #SID: 1 2 
6 -1 4 -1 1 5 -1 #SUP: 2 #SID: 1 2 
6 -1 4 5 -1 1 -1 #SUP: 2 #SID: 1 2 
6 -1 4 5 -1 5 -1 #SUP: 2 #SID: 1 2 
4 6 -1 4 5 -1 #SUP: 2 #SID: 3 4 
5 -1 5 -1 1 5 -1 #SUP: 2 #SID: 1 2 
6 -1 5 -1 1 5 -1 #SUP: 2 #SID: 1 2 
5 6 -1 1 5 -1 #SUP: 2 #SID: 1 2 
5 6 -1 4 -1 1 -1 #SUP: 2 #SID: 1 2 
5 6 -1 4 -1 5 -1 #SUP: 2 #SID: 1 2 
5 6 -1 4 5 -1 #SUP: 2 #SID: 1 2 
5 6 -1 5 -1 1 -1 #SUP: 2 #SID: 1 2 
5 6 -1 5 -1 5 -1 #SUP: 2 #SID: 1 2 
1 -1 4 5 -1 1 5 -1 #SUP: 2 #SID: 1 2 
5 -1 4 5 -1 1 5 -1 #SUP: 2 #SID: 1 2 
6 -1 4 5 -1 1 5 -1 #SUP: 2 #SID: 1 2 
5 6 -1 4 -1 1 5 -1 #SUP: 2 #SID: 1 2 
5 6 -1 4 5 -1 1 -1 #SUP: 2 #SID: 1 2 
5 6 -1 4 5 -1 5 -1 #SUP: 2 #SID: 1 2 
5 6 -1 5 -1 1 5 -1 #SUP: 2 #SID: 1 2 
5 6 -1 4 5 -1 1 5 -1 #SUP: 2 #SID: 1 2 
